CameraMatrix
[897.7464413203074, 0, 637.8893691161974;
 0, 897.7464413203074, 375.3225807946969;
 0, 0, 1]
distCoeffs
[-0.1083433066960941, 0.5376106891614889, 0.0003838343864146616, 0.004929627244628014, -0.892936629856659]
rvecs
[3.054032449874176;
 0.6630451676940289;
 0.2213346628904695]
[3.09186677747469;
 0.1736062274531041;
 0.1976733811399233]
[3.109676069039737;
 0.1680470262531293;
 0.1819359059997694]
[3.117733455228132;
 0.1688988640008653;
 0.1795729268443408]
[3.083141117501189;
 0.1842918215814796;
 0.1699531503778762]
[2.935167456454636;
 0.7668835451048315;
 -0.06069883471824827]
[2.83397409772849;
 1.070811199295911;
 -0.08414729662026889]
[2.857804577419132;
 1.055315167246546;
 -0.1261384573211045]
[2.969226880198146;
 -0.6104472881212736;
 -0.1517375255407244]
[3.01416351338078;
 -0.5527186664205926;
 -0.1319941728741162]
tvecs
[-6.216299911677482;
 -7.161489128008236;
 19.2785651922555]
[-6.189285042177397;
 -2.841112482988315;
 23.18854624589863]
[-0.1275716508532016;
 -2.547005289436207;
 22.45360455487394]
[3.698062613544549;
 -2.436974552007303;
 21.87853664088643]
[1.217073611510699;
 -2.167618515509124;
 24.04365401074389]
[-3.354243771256611;
 -4.942794711122487;
 24.31153875935144]
[-4.643791209858777;
 -4.795612753114486;
 23.86372240964049]
[-11.52067907198779;
 -5.231135644352379;
 23.40149472288117]
[-7.614467047912282;
 -2.603302659119817;
 26.74673488324396]
[-2.847329314073327;
 -1.345128850459714;
 24.94461293234583]
error
0.232864