CameraMatrix
[836.072437824418, 0, 335.5998018471135;
 0, 836.072437824418, 265.9848907336237;
 0, 0, 1]
distCoeffs
[-0.3143992729142063, 3.914758425602658, -0.01084114554118436, 8.194173167494988e-06, -16.22727806842074]
rvecs
[2.492283034805867;
 -0.1710258216115826;
 0.1129585013317006]
[2.452622303329838;
 -0.2017413856397528;
 0.02279706244969813]
[2.46648486515133;
 -0.172796401160879;
 0.0932510432689206]
[2.48906440950057;
 -0.1522614588941061;
 0.1176041624090744]
[2.487089594755866;
 -0.1138194970120704;
 0.1041560532168304]
[2.462364095495384;
 -0.1219616171309569;
 0.09933279804665893]
[2.463038126833375;
 -0.1915019412227828;
 0.1147665061279177]
tvecs
[-5.879199202476611;
 -2.61350222710068;
 17.8212269638598]
[-4.584851270310838;
 -1.260776885467001;
 18.30723838343289]
[-5.692819358193065;
 -2.530281069654165;
 18.01903918835959]
[-5.253352992999519;
 -3.276215440231344;
 18.1064016393599]
[-4.20468438420076;
 -3.124408377900975;
 18.38542816550954]
[-4.322021052022196;
 -1.865050834185412;
 18.40114871709736]
[-5.99344937345481;
 -2.00125902602844;
 18.13374901246597]
error
0.613898