CameraMatrix
[1520.20974118723, 0, 974.0809412753549;
 0, 1520.20974118723, 547.9555212362962;
 0, 0, 1]
distCoeffs
[0.01562629126808835, -0.529654879408201, -0.00272563495302247, 0.007163170504457198, 1.254115900715106]
rvecs
[2.587714828639444;
 0.3514357599982396;
 -0.09263687663930176]
[2.56201141079035;
 0.4383110490089515;
 -0.1031773219719346]
[2.517323175087602;
 0.5214701749158903;
 -0.07105829935156525]
[2.496515095545232;
 0.5484372169241575;
 -0.06521377631958436]
[2.458127159813713;
 0.6266735264332621;
 -0.1228266350897561]
[2.449373229022486;
 0.6262975521306905;
 -0.1178564718028132]
[2.562169695057637;
 0.4142878575681675;
 -0.1041820700494369]
[2.645589126074049;
 0.2635379410700472;
 -0.1261570548489625]
[2.649743380009357;
 0.1943074083322741;
 -0.1303821818826758]
[2.679072774497565;
 0.1160602971519889;
 -0.1695139852926957]
[2.666499605712954;
 0.04987314471397689;
 -0.1470988349354573]
[2.684176376419535;
 -0.03079027220258878;
 -0.1393313588650404]
[2.709092819115313;
 -0.1729596309189833;
 -0.1214948487345515]
[2.693283346009976;
 -0.3845700170268328;
 -0.1820650159628954]
[2.70483974522383;
 -0.426790462550337;
 -0.1935865319586293]
tvecs
[-3.982397653430924;
 -4.084920806736453;
 16.11854262103404]
[-3.372792256093822;
 -4.218888940093773;
 16.30862473223683]
[-3.220933316362354;
 -4.317598263305032;
 16.39211544664359]
[-2.957253246073498;
 -4.359723725612804;
 16.47498353528309]
[-2.031972895175604;
 -4.148673750443455;
 17.01088208378121]
[-2.284439510412298;
 -4.34027718244445;
 16.94134655881507]
[-4.460837698898979;
 -5.312136974018673;
 16.05464592205449]
[-4.823006240535725;
 -5.210006394836858;
 15.87699498556088]
[-4.736377738274098;
 -4.773884006482008;
 16.07325675716846]
[-5.087366461619835;
 -4.588566477475825;
 15.78590823856545]
[-5.227692617739901;
 -4.226045852128776;
 15.72915410107703]
[-5.33817387190193;
 -3.948337054170245;
 15.3408523182326]
[-5.953676528568894;
 -3.668500601092779;
 14.59586601266603]
[-6.029163288178763;
 -2.016699060444782;
 14.90533820752962]
[-6.062578974848671;
 -2.118636880558347;
 14.59940817012089]
error
1.74774